3

2 8
2	3	11	5	3	14	12	4
4	11	13	6	6	2	6	9
3	2	4	7	8	7	3	2
2	5	5	2	9	9	2	5
3	4	6	4	3	3	1	8
4	12	7	5	5	2	8	3
4	9	12	10	8	3	9	12
7	1	3	1	14	9	11	15
4	7	8	7
5	2	9	9
6	4	3	3
7	5	5	2
3	2	4	7
2	5	5	2
3	4	6	4
4	12	7	5





2 8
2	3	11	5	3	14	12	4
4	11	13	6	6	2	6	9
6	2	4	7	8	7	3	2
1	3	5	2	9	9	2	5
3	4	6	4	3	3	1	8
4	12	7	5	5	2	8	3
4	9	12	10	8	3	9	12
7	1	3	1	14	9	11	15
4	7	8	7
5	2	9	9
6	4	3	3
7	5	5	2
6	2	4	7
1	3	5	2
3	4	6	4
4	12	7	5

2 8
2	3	11	5	3	14	12	4
4	11	13	6	6	2	6	9
6	2	4	7	8	7	3	2
1	3	5	2	9	9	2	5
3	4	6	4	3	3	1	8
4	12	7	5	5	2	8	3
4	9	12	10	8	3	9	12
7	1	3	1	14	9	11	15
8	7	3	2
9	9	2	5
3	3	1	8
5	2	8	3
6	2	4	7
1	3	5	2
3	4	6	4
4	12	7	5



